umd_gt_train/train/00000000-0000-0000-0000-000000001e96/ 0 15 5
umd_gt_train/train/00000000-0000-0000-0000-0000000013dd/ 0 165 8
umd_gt_train/train/00000000-0000-0000-0000-00000000154b/ 0 105 7
umd_gt_train/train/00000000-0000-0000-0000-000000000693/ 0 25 5
umd_gt_train/train/00000000-0000-0000-0000-000000001954/ 0 50 6
umd_gt_train/train/00000000-0000-0000-0000-000000000ffc/ 0 45 6
umd_gt_train/train/00000000-0000-0000-0000-0000000014f2/ 0 15 5
umd_gt_train/train/00000000-0000-0000-0000-000000000217/ 0 90 5
umd_gt_train/train/00000000-0000-0000-0000-00000000179b/ 0 35 6
umd_gt_train/train/00000000-0000-0000-0000-000000001df4/ 0 45 8
umd_gt_train/train/00000000-0000-0000-0000-0000000017b6/ 0 40 6
umd_gt_train/train/00000000-0000-0000-0000-000000000ee7/ 0 15 8
umd_gt_train/train/00000000-0000-0000-0000-000000000fde/ 0 15 6
umd_gt_train/train/00000000-0000-0000-0000-0000000002de/ 0 25 6
umd_gt_train/train/00000000-0000-0000-0000-000000000ae3/ 0 25 5
umd_gt_train/train/00000000-0000-0000-0000-000000000608/ 0 65 5
umd_gt_train/train/00000000-0000-0000-0000-0000000018c9/ 0 55 7
umd_gt_train/train/00000000-0000-0000-0000-000000001e75/ 0 135 5
umd_gt_train/train/00000000-0000-0000-0000-000000000697/ 0 35 8
umd_gt_train/train/00000000-0000-0000-0000-000000000e7c/ 0 30 8
umd_gt_train/train/00000000-0000-0000-0000-000000000e6a/ 0 20 7
umd_gt_train/train/00000000-0000-0000-0000-000000001ed1/ 0 15 6
umd_gt_train/train/00000000-0000-0000-0000-000000001c2b/ 0 105 5
umd_gt_train/train/00000000-0000-0000-0000-000000000b34/ 0 40 5
umd_gt_train/train/00000000-0000-0000-0000-0000000008d9/ 0 45 8
umd_gt_train/train/00000000-0000-0000-0000-000000000fa8/ 0 40 6
umd_gt_train/train/00000000-0000-0000-0000-0000000002df/ 0 55 6
umd_gt_train/train/00000000-0000-0000-0000-000000000e65/ 0 25 6
umd_gt_train/train/00000000-0000-0000-0000-000000000789/ 0 90 5
umd_gt_train/train/00000000-0000-0000-0000-000000000dff/ 0 45 5
umd_gt_train/train/00000000-0000-0000-0000-0000000008d6/ 0 55 5
umd_gt_train/train/00000000-0000-0000-0000-000000001ba1/ 0 15 8
umd_gt_train/train/00000000-0000-0000-0000-000000000fc8/ 0 85 5
umd_gt_train/train/00000000-0000-0000-0000-0000000002cf/ 0 25 6
umd_gt_train/train/00000000-0000-0000-0000-000000000685/ 0 30 7
umd_gt_train/train/00000000-0000-0000-0000-000000001d9f/ 0 120 5
umd_gt_train/train/00000000-0000-0000-0000-000000000b7d/ 0 45 8
umd_gt_train/train/00000000-0000-0000-0000-00000000170c/ 0 15 8
umd_gt_train/train/00000000-0000-0000-0000-000000001f0a/ 0 30 6
umd_gt_train/train/00000000-0000-0000-0000-000000001e77/ 0 60 7
umd_gt_train/train/00000000-0000-0000-0000-000000000827/ 0 15 6
umd_gt_train/train/00000000-0000-0000-0000-0000000018c6/ 0 45 6
umd_gt_train/train/00000000-0000-0000-0000-000000001a1f/ 0 25 6
umd_gt_train/train/00000000-0000-0000-0000-0000000015ae/ 0 15 7
umd_gt_train/train/00000000-0000-0000-0000-000000000ab4/ 0 20 10
umd_gt_train/train/00000000-0000-0000-0000-000000001a18/ 0 80 6
umd_gt_train/train/00000000-0000-0000-0000-000000001177/ 0 45 8
umd_gt_train/train/00000000-0000-0000-0000-000000001e92/ 0 45 6
umd_gt_train/train/00000000-0000-0000-0000-000000000fb8/ 0 40 5
umd_gt_train/train/00000000-0000-0000-0000-000000001456/ 0 15 6
umd_gt_train/train/00000000-0000-0000-0000-000000001695/ 0 65 6
umd_gt_train/train/00000000-0000-0000-0000-000000000219/ 0 45 8
umd_gt_train/train/00000000-0000-0000-0000-0000000002d2/ 0 255 5
umd_gt_train/train/00000000-0000-0000-0000-000000000580/ 0 15 6
umd_gt_train/train/00000000-0000-0000-0000-0000000015cc/ 0 240 5
umd_gt_train/train/00000000-0000-0000-0000-000000001ee3/ 0 30 5
umd_gt_train/train/00000000-0000-0000-0000-0000000007c4/ 0 35 6
umd_gt_train/train/00000000-0000-0000-0000-000000000fd9/ 0 30 6
umd_gt_train/train/00000000-0000-0000-0000-00000000040b/ 0 45 5
umd_gt_train/train/00000000-0000-0000-0000-000000001227/ 0 50 6
umd_gt_train/train/00000000-0000-0000-0000-000000000258/ 0 30 8
umd_gt_train/train/00000000-0000-0000-0000-000000001759/ 0 40 5
umd_gt_train/train/00000000-0000-0000-0000-000000000ac9/ 0 90 5
umd_gt_train/train/00000000-0000-0000-0000-0000000012d6/ 0 30 5
umd_gt_train/train/00000000-0000-0000-0000-0000000017a3/ 0 45 8
umd_gt_train/train/00000000-0000-0000-0000-00000000121b/ 0 35 7
umd_gt_train/train/00000000-0000-0000-0000-000000001b32/ 0 40 5
umd_gt_train/train/00000000-0000-0000-0000-000000001409/ 0 30 5
umd_gt_train/train/00000000-0000-0000-0000-000000001eae/ 0 30 10
umd_gt_train/train/00000000-0000-0000-0000-000000001e76/ 0 195 7
umd_gt_train/train/00000000-0000-0000-0000-000000001f16/ 0 45 6
umd_gt_train/train/00000000-0000-0000-0000-0000000014b5/ 0 70 5
umd_gt_train/train/00000000-0000-0000-0000-000000001bd5/ 0 30 9
umd_gt_train/train/00000000-0000-0000-0000-000000001946/ 0 30 7
umd_gt_train/train/00000000-0000-0000-0000-000000001349/ 0 60 6
umd_gt_train/train/00000000-0000-0000-0000-0000000005aa/ 0 90 8
umd_gt_train/train/00000000-0000-0000-0000-0000000018c8/ 0 40 5
umd_gt_train/train/00000000-0000-0000-0000-0000000018c4/ 0 20 7
umd_gt_train/train/00000000-0000-0000-0000-0000000002f0/ 0 70 8
umd_gt_train/train/00000000-0000-0000-0000-000000001765/ 0 35 7
umd_gt_train/train/00000000-0000-0000-0000-000000001a1d/ 0 50 5
umd_gt_train/train/00000000-0000-0000-0000-000000001b0f/ 0 45 6
umd_gt_train/train/00000000-0000-0000-0000-000000001e9a/ 0 45 10
umd_gt_train/train/00000000-0000-0000-0000-000000001b0b/ 0 80 5
umd_gt_train/train/00000000-0000-0000-0000-000000001bb0/ 0 30 9
umd_gt_train/train/00000000-0000-0000-0000-000000000fbb/ 0 25 6
umd_gt_train/train/00000000-0000-0000-0000-0000000009d4/ 0 50 8
umd_gt_train/train/00000000-0000-0000-0000-000000001ca6/ 0 120 8
umd_gt_train/train/00000000-0000-0000-0000-0000000009d8/ 0 15 8
umd_gt_train/train/00000000-0000-0000-0000-0000000017e4/ 0 30 5
umd_gt_train/train/00000000-0000-0000-0000-000000001570/ 0 45 7
umd_gt_train/train/00000000-0000-0000-0000-000000001e91/ 0 75 5
umd_gt_train/train/00000000-0000-0000-0000-0000000002e9/ 0 20 5
umd_gt_train/train/00000000-0000-0000-0000-000000001a20/ 0 15 8
umd_gt_train/train/00000000-0000-0000-0000-000000000b35/ 0 135 5
umd_gt_train/train/00000000-0000-0000-0000-000000000585/ 0 90 5
umd_gt_train/train/00000000-0000-0000-0000-000000001717/ 0 15 7
umd_gt_train/train/00000000-0000-0000-0000-000000001771/ 0 105 5
umd_gt_train/train/00000000-0000-0000-0000-0000000017bc/ 0 120 5
umd_gt_train/train/00000000-0000-0000-0000-000000001ed0/ 0 45 8
umd_gt_train/train/00000000-0000-0000-0000-0000000002ed/ 0 20 6
umd_gt_train/train/00000000-0000-0000-0000-0000000014b7/ 0 70 6
umd_gt_train/train/00000000-0000-0000-0000-0000000016fb/ 0 15 6
umd_gt_train/train/00000000-0000-0000-0000-000000001f08/ 0 75 7
umd_gt_train/train/00000000-0000-0000-0000-0000000015ad/ 0 45 5
umd_gt_train/train/00000000-0000-0000-0000-000000001b21/ 0 30 7
umd_gt_train/train/00000000-0000-0000-0000-0000000014eb/ 0 35 5
umd_gt_train/train/00000000-0000-0000-0000-0000000009d9/ 0 35 6
umd_gt_train/train/00000000-0000-0000-0000-0000000008ae/ 0 40 6
umd_gt_train/train/00000000-0000-0000-0000-000000001b5f/ 0 15 6
umd_gt_train/train/00000000-0000-0000-0000-0000000008ad/ 0 45 8
umd_gt_train/train/00000000-0000-0000-0000-00000000175e/ 0 15 5
umd_gt_train/train/00000000-0000-0000-0000-000000001bb1/ 0 195 10
umd_gt_train/train/00000000-0000-0000-0000-000000000501/ 0 30 5
umd_gt_train/train/00000000-0000-0000-0000-0000000017a5/ 0 15 5
umd_gt_train/train/00000000-0000-0000-0000-000000001df3/ 0 90 5
umd_gt_train/train/00000000-0000-0000-0000-0000000015ac/ 0 45 10
umd_gt_train/train/00000000-0000-0000-0000-00000000078b/ 0 60 6
umd_gt_train/train/00000000-0000-0000-0000-0000000008ac/ 0 165 5
umd_gt_train/train/00000000-0000-0000-0000-00000000156a/ 0 45 5
umd_gt_train/train/00000000-0000-0000-0000-0000000015a6/ 0 15 6
umd_gt_train/train/00000000-0000-0000-0000-00000000008c/ 0 20 6
umd_gt_train/train/00000000-0000-0000-0000-000000000ee8/ 0 20 8
umd_gt_train/train/00000000-0000-0000-0000-000000000698/ 0 35 8
umd_gt_train/train/00000000-0000-0000-0000-000000000c40/ 0 65 6
umd_gt_train/train/00000000-0000-0000-0000-000000001e9b/ 0 45 5
umd_gt_train/train/00000000-0000-0000-0000-000000001c9b/ 0 105 5
umd_gt_train/train/00000000-0000-0000-0000-000000000ffb/ 0 30 8
umd_gt_train/train/00000000-0000-0000-0000-00000000020a/ 0 15 5
umd_gt_train/train/00000000-0000-0000-0000-00000000077b/ 0 105 5
umd_gt_train/train/00000000-0000-0000-0000-00000000156b/ 0 20 7
umd_gt_train/train/00000000-0000-0000-0000-000000001bae/ 0 45 8
umd_gt_train/train/00000000-0000-0000-0000-000000000bef/ 0 15 6
umd_gt_train/train/00000000-0000-0000-0000-0000000017eb/ 0 60 8
umd_gt_train/train/00000000-0000-0000-0000-0000000015e0/ 0 35 6
umd_gt_train/train/00000000-0000-0000-0000-000000000eca/ 0 35 5
umd_gt_train/train/00000000-0000-0000-0000-000000000e64/ 0 20 8
umd_gt_train/train/00000000-0000-0000-0000-0000000015ab/ 0 30 6
umd_gt_train/train/00000000-0000-0000-0000-000000001f07/ 0 30 5
umd_gt_train/train/00000000-0000-0000-0000-000000000221/ 0 30 5
umd_gt_train/train/00000000-0000-0000-0000-000000001005/ 0 20 10
umd_gt_train/train/00000000-0000-0000-0000-0000000015af/ 0 15 6
umd_gt_train/train/00000000-0000-0000-0000-000000000e4e/ 0 120 5
umd_gt_train/train/00000000-0000-0000-0000-000000001e9c/ 0 15 7
umd_gt_train/train/00000000-0000-0000-0000-0000000016fa/ 0 45 8
umd_gt_train/train/00000000-0000-0000-0000-000000001f1d/ 0 75 7
umd_gt_train/train/00000000-0000-0000-0000-00000000154a/ 0 60 5
umd_gt_train/train/00000000-0000-0000-0000-000000000613/ 0 195 5
umd_gt_train/train/00000000-0000-0000-0000-000000000213/ 0 75 7
umd_gt_train/train/00000000-0000-0000-0000-000000000788/ 0 225 5
umd_gt_train/train/00000000-0000-0000-0000-000000001bb4/ 0 45 10
umd_gt_train/train/00000000-0000-0000-0000-000000000c37/ 0 105 5
umd_gt_train/train/00000000-0000-0000-0000-0000000014ec/ 0 70 5
umd_gt_train/train/00000000-0000-0000-0000-000000001f0e/ 0 60 8
umd_gt_train/train/00000000-0000-0000-0000-0000000001eb/ 0 40 6
umd_gt_train/train/00000000-0000-0000-0000-000000001865/ 0 90 8
umd_gt_train/train/00000000-0000-0000-0000-000000001ca9/ 0 120 8
umd_gt_train/train/00000000-0000-0000-0000-0000000007c7/ 0 35 8
umd_gt_train/train/00000000-0000-0000-0000-000000000e05/ 0 40 7
umd_gt_train/train/00000000-0000-0000-0000-000000001b25/ 0 35 6
umd_gt_train/train/00000000-0000-0000-0000-000000001f14/ 0 15 5
umd_gt_train/train/00000000-0000-0000-0000-000000001839/ 0 70 7
umd_gt_train/train/00000000-0000-0000-0000-000000001b5b/ 0 40 5
umd_gt_train/train/00000000-0000-0000-0000-0000000016a6/ 0 50 6
umd_gt_train/train/00000000-0000-0000-0000-0000000012e4/ 0 25 6
umd_gt_train/train/00000000-0000-0000-0000-000000001623/ 0 50 5
umd_gt_train/train/00000000-0000-0000-0000-0000000015d1/ 0 150 6
umd_gt_train/train/00000000-0000-0000-0000-00000000116e/ 0 105 8
umd_gt_train/train/00000000-0000-0000-0000-000000000fd7/ 0 30 5
umd_gt_train/train/00000000-0000-0000-0000-0000000001aa/ 0 35 5
umd_gt_train/train/00000000-0000-0000-0000-0000000002ca/ 0 35 8
umd_gt_train/train/00000000-0000-0000-0000-0000000017b2/ 0 30 5
umd_gt_train/train/00000000-0000-0000-0000-000000000fc6/ 0 120 5
umd_gt_train/train/00000000-0000-0000-0000-000000001b0d/ 0 30 7
umd_gt_train/train/00000000-0000-0000-0000-000000001a19/ 0 165 8
umd_gt_train/train/00000000-0000-0000-0000-000000000096/ 0 35 7
umd_gt_train/train/00000000-0000-0000-0000-0000000002ea/ 0 25 5
umd_gt_train/train/00000000-0000-0000-0000-000000001838/ 0 70 7
umd_gt_train/train/00000000-0000-0000-0000-0000000014f0/ 0 20 6
umd_gt_train/train/00000000-0000-0000-0000-000000000d30/ 0 120 5
umd_gt_train/train/00000000-0000-0000-0000-000000000e4c/ 0 65 5
umd_gt_train/train/00000000-0000-0000-0000-00000000008d/ 0 45 7
umd_gt_train/train/00000000-0000-0000-0000-000000001234/ 0 45 6
umd_gt_train/train/00000000-0000-0000-0000-0000000017f1/ 0 15 5
umd_gt_train/train/00000000-0000-0000-0000-000000001ee8/ 0 105 9
umd_gt_train/train/00000000-0000-0000-0000-0000000002c9/ 0 55 6
umd_gt_train/train/00000000-0000-0000-0000-0000000002e5/ 0 20 8
umd_gt_train/train/00000000-0000-0000-0000-00000000183b/ 0 30 7
umd_gt_train/train/00000000-0000-0000-0000-0000000005ac/ 0 40 6
umd_gt_train/train/00000000-0000-0000-0000-00000000169f/ 0 20 8
umd_gt_train/train/00000000-0000-0000-0000-00000000169d/ 0 30 5
umd_gt_train/train/00000000-0000-0000-0000-0000000005a9/ 0 50 5
umd_gt_train/train/00000000-0000-0000-0000-0000000009ad/ 0 35 5
umd_gt_train/train/00000000-0000-0000-0000-000000000708/ 0 25 5
umd_gt_train/train/00000000-0000-0000-0000-000000001572/ 0 65 6
umd_gt_train/train/00000000-0000-0000-0000-000000001b26/ 0 40 6
umd_gt_train/train/00000000-0000-0000-0000-000000000fdd/ 0 30 8
umd_gt_train/train/00000000-0000-0000-0000-000000001bd2/ 0 75 5
umd_gt_train/train/00000000-0000-0000-0000-000000001eab/ 0 30 6
umd_gt_train/train/00000000-0000-0000-0000-0000000009d2/ 0 50 5
umd_gt_train/train/00000000-0000-0000-0000-0000000016a3/ 0 50 6
umd_gt_train/train/00000000-0000-0000-0000-0000000017a6/ 0 20 5
umd_gt_train/train/00000000-0000-0000-0000-000000001ee2/ 0 15 8
umd_gt_train/train/00000000-0000-0000-0000-000000000fb7/ 0 30 6
umd_gt_train/train/00000000-0000-0000-0000-0000000017b7/ 0 35 5
umd_gt_train/train/00000000-0000-0000-0000-00000000020c/ 0 15 8
umd_gt_train/train/00000000-0000-0000-0000-00000000140c/ 0 30 6
umd_gt_train/train/00000000-0000-0000-0000-000000001679/ 0 55 7
umd_gt_train/train/00000000-0000-0000-0000-000000001772/ 0 135 8
umd_gt_train/train/00000000-0000-0000-0000-000000000ec8/ 0 195 6
umd_gt_train/train/00000000-0000-0000-0000-0000000016f7/ 0 75 5
umd_gt_train/train/00000000-0000-0000-0000-00000000170a/ 0 30 5
umd_gt_train/train/00000000-0000-0000-0000-0000000002e6/ 0 25 6
umd_gt_train/train/00000000-0000-0000-0000-0000000013dc/ 0 50 5
umd_gt_train/train/00000000-0000-0000-0000-000000000e72/ 0 35 6
umd_gt_train/train/00000000-0000-0000-0000-000000000e01/ 0 40 7
umd_gt_train/train/00000000-0000-0000-0000-000000001b0c/ 0 25 5
umd_gt_train/train/00000000-0000-0000-0000-000000001d56/ 0 45 5
umd_gt_train/train/00000000-0000-0000-0000-00000000021c/ 0 195 10
umd_gt_train/train/00000000-0000-0000-0000-000000001c7f/ 0 60 10
umd_gt_train/train/00000000-0000-0000-0000-0000000008b5/ 0 35 5
umd_gt_train/train/00000000-0000-0000-0000-0000000009d5/ 0 85 6
umd_gt_train/train/00000000-0000-0000-0000-0000000016a7/ 0 55 6
umd_gt_train/train/00000000-0000-0000-0000-00000000167d/ 0 35 5
umd_gt_train/train/00000000-0000-0000-0000-000000000c3d/ 0 30 6
umd_gt_train/train/00000000-0000-0000-0000-000000000fba/ 0 30 6
umd_gt_train/train/00000000-0000-0000-0000-0000000002d8/ 0 25 8
umd_gt_train/train/00000000-0000-0000-0000-0000000002d1/ 0 15 6
umd_gt_train/train/00000000-0000-0000-0000-000000000ec5/ 0 20 8
umd_gt_train/train/00000000-0000-0000-0000-000000000eea/ 0 20 6
umd_gt_train/train/00000000-0000-0000-0000-000000000fd1/ 0 75 10
umd_gt_train/train/00000000-0000-0000-0000-000000000091/ 0 25 5
umd_gt_train/train/00000000-0000-0000-0000-000000001e78/ 0 45 6
umd_gt_train/train/00000000-0000-0000-0000-00000000168b/ 0 75 6
umd_gt_train/train/00000000-0000-0000-0000-00000000025f/ 0 75 5
umd_gt_train/train/00000000-0000-0000-0000-00000000185d/ 0 65 9
umd_gt_train/train/00000000-0000-0000-0000-0000000017f2/ 0 75 8
umd_gt_train/train/00000000-0000-0000-0000-0000000002bd/ 0 105 5
umd_gt_train/train/00000000-0000-0000-0000-00000000009a/ 0 35 7
umd_gt_train/train/00000000-0000-0000-0000-000000000097/ 0 15 6
umd_gt_train/train/00000000-0000-0000-0000-000000001941/ 0 20 9
umd_gt_train/train/00000000-0000-0000-0000-000000001573/ 0 80 6
umd_gt_train/train/00000000-0000-0000-0000-000000000b36/ 0 25 7
umd_gt_train/train/00000000-0000-0000-0000-000000000fcb/ 0 15 6
umd_gt_train/train/00000000-0000-0000-0000-00000000121c/ 0 15 6
umd_gt_train/train/00000000-0000-0000-0000-000000000b43/ 0 15 6
umd_gt_train/train/00000000-0000-0000-0000-000000001f1e/ 0 15 6
umd_gt_train/train/00000000-0000-0000-0000-00000000157f/ 0 25 8
umd_gt_train/train/00000000-0000-0000-0000-000000001f58/ 0 15 6
umd_gt_train/train/00000000-0000-0000-0000-0000000002bc/ 0 75 5
umd_gt_train/train/00000000-0000-0000-0000-000000001cad/ 0 15 5
umd_gt_train/train/00000000-0000-0000-0000-00000000057f/ 0 30 7
umd_gt_train/train/00000000-0000-0000-0000-0000000014b9/ 0 80 5
umd_gt_train/train/00000000-0000-0000-0000-0000000008db/ 0 45 6
umd_gt_train/train/00000000-0000-0000-0000-0000000002dd/ 0 165 5
umd_gt_train/train/00000000-0000-0000-0000-0000000016da/ 0 40 5
umd_gt_train/train/00000000-0000-0000-0000-000000000ec7/ 0 30 5
umd_gt_train/train/00000000-0000-0000-0000-000000000504/ 0 90 6
umd_gt_train/train/00000000-0000-0000-0000-00000000157d/ 0 120 5
umd_gt_train/train/00000000-0000-0000-0000-0000000002cb/ 0 40 5
umd_gt_train/train/00000000-0000-0000-0000-000000001d70/ 0 90 5
umd_gt_train/train/00000000-0000-0000-0000-0000000008d4/ 0 60 5
umd_gt_train/train/00000000-0000-0000-0000-0000000014d6/ 0 195 7
umd_gt_train/train/00000000-0000-0000-0000-000000000791/ 0 15 5
umd_gt_train/train/00000000-0000-0000-0000-000000000095/ 0 35 7
umd_gt_train/train/00000000-0000-0000-0000-0000000008d7/ 0 120 8
umd_gt_train/train/00000000-0000-0000-0000-0000000018c3/ 0 50 5
umd_gt_train/train/00000000-0000-0000-0000-0000000017a2/ 0 15 5
umd_gt_train/train/00000000-0000-0000-0000-0000000016d9/ 0 90 5
umd_gt_train/train/00000000-0000-0000-0000-000000000ecd/ 0 30 6
umd_gt_train/train/00000000-0000-0000-0000-000000000fd3/ 0 75 5
umd_gt_train/train/00000000-0000-0000-0000-00000000175f/ 0 50 7
umd_gt_train/train/00000000-0000-0000-0000-0000000002d6/ 0 35 5
umd_gt_train/train/00000000-0000-0000-0000-0000000015a0/ 0 225 5
umd_gt_train/train/00000000-0000-0000-0000-000000000bf4/ 0 60 5
umd_gt_train/train/00000000-0000-0000-0000-000000001b20/ 0 20 6
umd_gt_train/train/00000000-0000-0000-0000-000000001624/ 0 25 7
umd_gt_train/train/00000000-0000-0000-0000-000000001b11/ 0 40 5
umd_gt_train/train/00000000-0000-0000-0000-0000000009da/ 0 20 6
umd_gt_train/train/00000000-0000-0000-0000-00000000156f/ 0 45 5
umd_gt_train/train/00000000-0000-0000-0000-000000000ff9/ 0 45 5
umd_gt_train/train/00000000-0000-0000-0000-000000001eef/ 0 90 7
umd_gt_train/train/00000000-0000-0000-0000-0000000002f2/ 0 30 8
umd_gt_train/train/00000000-0000-0000-0000-000000001a15/ 0 90 6
umd_gt_train/train/00000000-0000-0000-0000-000000001b9f/ 0 15 5
umd_gt_train/train/00000000-0000-0000-0000-000000000fb9/ 0 30 5
umd_gt_train/train/00000000-0000-0000-0000-0000000001fd/ 0 30 7
umd_gt_train/train/00000000-0000-0000-0000-000000001a17/ 0 105 6
umd_gt_train/train/00000000-0000-0000-0000-000000001006/ 0 25 6
umd_gt_train/train/00000000-0000-0000-0000-0000000015bb/ 0 30 8
umd_gt_train/train/00000000-0000-0000-0000-000000001f15/ 0 75 8
umd_gt_train/train/00000000-0000-0000-0000-00000000157b/ 0 35 5
umd_gt_train/train/00000000-0000-0000-0000-0000000013df/ 0 35 6
umd_gt_train/train/00000000-0000-0000-0000-000000001eaa/ 0 30 9
umd_gt_train/train/00000000-0000-0000-0000-000000000ee6/ 0 70 5
umd_gt_train/train/00000000-0000-0000-0000-000000001228/ 0 40 7
umd_gt_train/train/00000000-0000-0000-0000-000000001681/ 0 45 5
umd_gt_train/train/00000000-0000-0000-0000-000000000fbd/ 0 40 5
umd_gt_train/train/00000000-0000-0000-0000-000000001247/ 0 80 8
umd_gt_train/train/00000000-0000-0000-0000-0000000015c0/ 0 30 10
umd_gt_train/train/00000000-0000-0000-0000-000000000614/ 0 35 6
umd_gt_train/train/00000000-0000-0000-0000-000000001ea9/ 0 30 8
umd_gt_train/train/00000000-0000-0000-0000-000000001832/ 0 20 5
umd_gt_train/train/00000000-0000-0000-0000-000000001b10/ 0 45 6
umd_gt_train/train/00000000-0000-0000-0000-0000000008b6/ 0 45 5
umd_gt_train/train/00000000-0000-0000-0000-0000000015a7/ 0 45 9
umd_gt_train/train/00000000-0000-0000-0000-0000000002e3/ 0 20 5
umd_gt_train/train/00000000-0000-0000-0000-000000001f57/ 0 15 6
umd_gt_train/train/00000000-0000-0000-0000-000000001225/ 0 30 7
umd_gt_train/train/00000000-0000-0000-0000-000000001761/ 0 120 7
umd_gt_train/train/00000000-0000-0000-0000-000000001a1c/ 0 30 5
umd_gt_train/train/00000000-0000-0000-0000-000000000dfb/ 0 85 7
umd_gt_train/train/00000000-0000-0000-0000-000000000c3e/ 0 50 7
umd_gt_train/train/00000000-0000-0000-0000-0000000018ca/ 0 40 6
umd_gt_train/train/00000000-0000-0000-0000-0000000008c7/ 0 165 6
umd_gt_train/train/00000000-0000-0000-0000-00000000078e/ 0 45 6
umd_gt_train/train/00000000-0000-0000-0000-000000001866/ 0 25 6
umd_gt_train/train/00000000-0000-0000-0000-000000000586/ 0 25 6
umd_gt_train/train/00000000-0000-0000-0000-0000000002f4/ 0 25 8
umd_gt_train/train/00000000-0000-0000-0000-000000001ecd/ 0 75 5
umd_gt_train/train/00000000-0000-0000-0000-00000000156d/ 0 70 7
umd_gt_train/train/00000000-0000-0000-0000-0000000014b6/ 0 70 8
umd_gt_train/train/00000000-0000-0000-0000-000000000ffd/ 0 30 6
umd_gt_train/train/00000000-0000-0000-0000-0000000017e5/ 0 75 7
umd_gt_train/train/00000000-0000-0000-0000-00000000060d/ 0 70 5
umd_gt_train/train/00000000-0000-0000-0000-00000000169b/ 0 45 5
umd_gt_train/train/00000000-0000-0000-0000-000000001bcb/ 0 30 8
umd_gt_train/train/00000000-0000-0000-0000-0000000002db/ 0 135 8
umd_gt_train/train/00000000-0000-0000-0000-0000000014fb/ 0 15 6
umd_gt_train/train/00000000-0000-0000-0000-000000001678/ 0 35 5
umd_gt_train/train/00000000-0000-0000-0000-0000000016a0/ 0 25 8
umd_gt_train/train/00000000-0000-0000-0000-0000000017fa/ 0 75 7
umd_gt_train/train/00000000-0000-0000-0000-0000000015a8/ 0 15 5
umd_gt_train/train/00000000-0000-0000-0000-000000001b22/ 0 15 6
umd_gt_train/train/00000000-0000-0000-0000-000000000fd5/ 0 75 8
umd_gt_train/train/00000000-0000-0000-0000-0000000015bc/ 0 30 9
